INDV	O.HOM.	E.HOM.	N_SITES	F	cluster	Ho	He	N	He_unbiased
CNS214	1128890	1096583.4	1542637	0.07243	Merritt Island	0.268207621105937	0.28915007224642	58	0.291664420700736
CNS215	1133110	1097589.7	1544044	0.07956	Merritt Island	0.266141379390743	0.289146099463487	58	0.291660413371865
CNS216	1126562	1097368.5	1543811	0.06539	Merritt Island	0.270272073459769	0.289182095476713	58	0.291696722393902
CNS217	1124917	1079236.2	1518756	0.10393	Merritt Island	0.259316835620732	0.289394609799072	58	0.29191108466689
CNS218	1109746	1107991.5	1558285	0.0039	Merritt Island	0.287841441071434	0.288967358345874	58	0.291480117983664
HCK01	1070326	1005175.8	1414613	0.15912	Merritt Island	0.243378931198851	0.289434071367929	58	0.291950889379824
HCK02	1031657	962481.1	1354087	0.17665	Merritt Island	0.238116162403154	0.28920290941424	58	0.29171771732219
HCK128	1120586	1079195.2	1518776	0.09416	Merritt Island	0.262178227730752	0.289430962827961	58	0.291947753809074
HCK131	1103848	1111159.2	1562461	-0.0162	Merritt Island	0.29351964625037	0.288840361455422	58	0.291352016772426
HCK132	1127134	1108135.2	1558546	0.04218	Merritt Island	0.27680414950858	0.288994229236737	58	0.291507222534448
HCK133	1101008	1112176.6	1563853	-0.02473	Merritt Island	0.295964518404223	0.288822798562269	58	0.291334301158463
HCK141	1103568	1098035.4	1545199	0.01237	Merritt Island	0.285808494569308	0.289389004264176	58	0.291905430388212
HCK142	1102118	1110401.2	1561506	-0.01836	Merritt Island	0.294195475393626	0.28889085280492	58	0.291402947177137
HCK221	1112745	1108650.9	1559285	0.00909	Merritt Island	0.286374844880827	0.289000471369891	58	0.29151351894702
HCK438	1121286	1108660.5	1559121	0.02803	Merritt Island	0.280821693762062	0.288919525809735	58	0.291431869512428
HCK445	1095875	1114574.3	1566903	-0.04134	Merritt Island	0.300610822750355	0.288676899591104	58	0.291187133500592
HCK448	1101174	1112465.6	1564227	-0.02499	Merritt Island	0.296026727578542	0.288808082202903	58	0.291319456830754
HCK99	1126349	1101629	1549547	0.05519	Merritt Island	0.273110786571817	0.289063836075963	58	0.291577434650536
HCKW123	1119369	1087909.7	1531240	0.07096	Merritt Island	0.268978736187665	0.289523719338575	58	0.292041316898041
HCKW442	1109206	1111939.7	1563520	-0.00605	Merritt Island	0.290571275071633	0.288822848444535	58	0.291334351474488
HCKW98	1115483	1110959.6	1562280	0.01002	Merritt Island	0.28599034744092	0.28888573111094	58	0.291397780946688
RR110	1113813	1105863.6	1555664	0.01767	Merritt Island	0.284027270670273	0.28913724300363	58	0.291651479899314
RR111	1113161	1114556	1566905	-0.00308	Merritt Island	0.289579776693546	0.288689486599379	58	0.291199829961113
RR112	1160144	1109607	1560491	0.11208	Merritt Island	0.25655194422781	0.28893726397653	58	0.291449761924152
RR205	1124697	1108704.7	1559315	0.03549	Merritt Island	0.2787236703296	0.288979648114717	58	0.291492514620062
RR206	1119144	1102968.4	1551591	0.03606	Merritt Island	0.278711980154564	0.289137150189709	58	0.291651386278315
RR207	1131887	1104365.1	1553478	0.06128	Merritt Island	0.271385240087082	0.289101551486407	58	0.291615478021071
RR95	1132247	1104862.3	1554052	0.06096	Merritt Island	0.271422706576099	0.289044188997537	58	0.29155761672795
RR96	1117098	1108620	1559212	0.01882	Merritt Island	0.283549639176712	0.28898700112621	58	0.291499931570786
SHIL108	1121439	1104715.5	1553759	0.03724	Merritt Island	0.278241348883578	0.289004601099656	58	0.291517684587479
SHIL147	1123627	1107642	1557769	0.03551	Merritt Island	0.27869472303018	0.288956193119776	58	0.291468855668643
SHIL148	1113093	1106368.4	1555994	0.01496	Merritt Island	0.28464184309194	0.288963582121782	58	0.291476308922841
SHIL159	1111870	1111102.2	1562446	0.0017	Merritt Island	0.288378606364636	0.28887001534773	58	0.291381928524667
SHIL166	1095938	1113377	1565384	-0.03858	Merritt Island	0.29989191150542	0.288751514005509	58	0.291262396735992
SHIL168	1108341	1109458.1	1560276	-0.00248	Merritt Island	0.289650677187882	0.288934714114682	58	0.291447189889592
SHIL459	1155678	1082712.5	1523639	0.16548	Merritt Island	0.241501431769599	0.289390400219475	58	0.291906838482253
SHIL462	1152334	1086057.6	1528163	0.14991	Merritt Island	0.245935152205622	0.289305133025731	58	0.29182082983465
SHIL472	1122397	1106242.3	1555834	0.03593	Merritt Island	0.27858820414003	0.288971509814029	58	0.291484305551542
SHIL474	1133161	1112669.7	1564499	0.04535	Merritt Island	0.275703595847616	0.28880127120567	58	0.291312586607459
SHIL475	1102180	1112265	1563921	-0.02233	Merritt Island	0.295245731721743	0.288797196277817	58	0.29130847624545
SHIL476	1147551	1108585	1558966	0.08652	Merritt Island	0.263902484082398	0.288897256258315	58	0.291409406312735
SHIL477	1134158	1111717.1	1563225	0.0497	Merritt Island	0.274475523357162	0.288831038398183	58	0.291342612645124
SHIL478	1114193	1108260.7	1558512	0.01318	Merritt Island	0.285091805517057	0.288898192635026	58	0.291410350831853
SRTZ125	1129557	1109032.9	1559666	0.04555	Merritt Island	0.275769940487258	0.288929232284348	58	0.291441660391169
SRTZ126	1113500	1108322.4	1558804	0.01149	Merritt Island	0.28567029594484	0.288991816803139	58	0.291504789123166
SRTZ127	1127479	1100316.1	1547728	0.06071	Merritt Island	0.271526392234294	0.289076569009542	58	0.291590278305277
SRTZ199	1159354	1074115.1	1511614	0.19483	Merritt Island	0.233035682389816	0.289425011940879	58	0.291941751175148
SRTZ200	1105942	1114692.6	1567054	-0.01934	Merritt Island	0.294254058890121	0.288669950110207	58	0.291180123589426
SRTZ201	1121340	1103768.8	1552681	0.03914	Merritt Island	0.277804004814898	0.289120688666893	58	0.291634781611822
SRTZ203	1105619	1111449.1	1562893	-0.01291	Merritt Island	0.292581769833252	0.288851444084784	58	0.291363195772477
SRTZ204	1131043	1102671	1551030	0.06328	Merritt Island	0.270779417548339	0.289071778108741	58	0.291585445744469
TEL229	1124592	1105265.3	1554679	0.043	Merritt Island	0.276640386857994	0.289071699045269	58	0.291585365993489
TEL230	1127940	1105218	1554544	0.05057	Merritt Island	0.274423882501878	0.28904038740621	58	0.291553782079308
TEL231	1139198	1090168.4	1533771	0.11053	Merritt Island	0.257256787356131	0.289223489034543	58	0.291738475895713
TEL232	1123721	1099868.5	1547239	0.05332	Merritt Island	0.273725003053827	0.289141173406306	58	0.291655444479405
TEL233	1132992	1101881.3	1549955	0.06943	Merritt Island	0.269016197244436	0.289088199334819	58	0.291602009763818
TEL234	1117170	1110423.8	1561550	0.01495	Merritt Island	0.284576222343185	0.288896417021549	58	0.291408559778258
TEL449	1165693	1113180.5	1565113	0.1162	Merritt Island	0.255202020556982	0.288753911059457	58	0.291264814633887
EF245	632028	646824.3	1067565	-0.03517	SL	0.407972348287926	0.394112489637633	5	0.437902766264037
EF246	625770	645657.8	1065557	-0.04736	SL	0.412729680345584	0.394065451214717	5	0.437850501349685
EF247	624807	645857.8	1065872	-0.05012	SL	0.413806723509014	0.394056884879235	5	0.43784098319915
FOX63	599767	649690	1072381	-0.11811	SL	0.440714634071286	0.394161216955541	5	0.437956907728379
SLCA89	641502	645976.7	1066095	-0.01065	SL	0.398269384998523	0.394072104268381	5	0.437857893631535
CCK186	1077379	1074834.8	1491967	0.0061	CBC	0.277880140780594	0.279585406379632	65	0.281752735111257
CCK26	1063987	1083874.4	1503600	-0.04738	CBC	0.29237363660548	0.279147113594041	65	0.281311044707173
CCK27	1107297	1012799.4	1406306	0.24014	CBC	0.212620155215152	0.279815772669675	65	0.281984887186494
CCK29	1082050	1070193.3	1485011	0.02858	CBC	0.271352198737922	0.279336449359634	65	0.28150184819188
CCK30	1082339	1064303.9	1477023	0.0437	CBC	0.267215879508985	0.279426319021437	65	0.281592414517727
CCK31	1080460	1079001.8	1496995	0.00349	CBC	0.27824742233608	0.279221507085862	65	0.281386014892729
CCK32	1066100	1077663.2	1495231	-0.02769	CBC	0.286999801368484	0.279266414353368	65	0.281431270278587
CCK33	1086862	1069798	1484575	0.04114	CBC	0.267896872842396	0.279391071518785	65	0.28155689377862
CCK35	1076949	1041008.2	1444921	0.08898	CBC	0.254665826020938	0.27953971185968	65	0.28170668637022
CCK36	1093538	1045118	1450301	0.1195	CBC	0.245992383650015	0.279378556589287	65	0.281544281834166
CCK37	1053147	1084324.6	1504140	-0.07427	CBC	0.299834456898959	0.279106599119763	65	0.281270216167203
CCK39	1072993	1069455.1	1483969	0.00854	CBC	0.27694379060479	0.279327870056585	65	0.281493202382605
CCK400	1073750	1081738.4	1500868	-0.01906	CBC	0.284580655993732	0.279258135958659	65	0.281422927710276
CCK405	1047704	997009.4	1384844	0.13071	CBC	0.243449803732406	0.280056526222448	65	0.282227507045878
CCK408	1100423	1069056.8	1483811	0.07563	CBC	0.258380615860106	0.279519561453581	65	0.281686379759423
CCK40	1096447	1064677	1477346	0.07699	CBC	0.257826534880793	0.279331314397575	65	0.281496673423913
CCK412	1078169	1072429.2	1488461	0.0138	CBC	0.275648471810817	0.279504669588253	65	0.281671372453278
CCK413	1115268	1069359.2	1484229	0.11066	CBC	0.248587650557966	0.279518726557694	65	0.281685538391475
CCK419	1080384	1067190.5	1481426	0.03185	CBC	0.270713488220134	0.279619434247813	65	0.281787026761362
CCK423	1069916	1083034.8	1502551	-0.03127	CBC	0.287933654165483	0.27920263605029	65	0.28136699757006
CCK424	1085372	1077763.2	1495646	0.01821	CBC	0.27431223698656	0.279399537056229	65	0.281565424940385
CCK426	1081101	1065953.3	1479727	0.03661	CBC	0.269391583717807	0.279628404428655	65	0.281796066478489
CCK427	1067465	1081318.2	1500299	-0.03306	CBC	0.288498492633802	0.279264866536604	65	0.281429710463244
CCK428	1086957	1077619.2	1495337	0.02235	CBC	0.273102317404037	0.279346929822508	65	0.281512409898652
CCK429	1127876	1061260	1473222	0.1617	CBC	0.234415451303334	0.279633347859318	65	0.28180104823032
CCK42	1085515	1047375	1453361	0.09394	CBC	0.253100227679152	0.279342847372401	65	0.281508295801644
CCK430	1066922	1075449.1	1492626	-0.02044	CBC	0.285204733134757	0.279491915590376	65	0.2816585195872
CCK43	1059840	1050967.7	1458381	0.02178	CBC	0.27327632491098	0.279359988919219	65	0.281525570228671
CCK44	1064927	1084427	1504278	-0.04645	CBC	0.292067689615882	0.279104660175845	65	0.281268262192712
CCK45	1082455	1050915.7	1458135	0.07745	CBC	0.257644182465958	0.279274072702459	65	0.281438987994726
CCK46	1082714	1069051.7	1483243	0.03299	CBC	0.270035995450509	0.279247095722009	65	0.281411801890397
CCK483	1081120	1071221.8	1486750	0.02382	CBC	0.27282999831848	0.279487607196906	65	0.281654177795332
CCK486	1090427	1076935.5	1494490	0.03231	CBC	0.270368486908578	0.279395981237747	65	0.281561841557419
CCK489	986154	937299.2	1302721	0.13369	CBC	0.243004449916751	0.280506570478253	65	0.282681040016844
CCK48	1079994	1037659.1	1439900	0.10525	CBC	0.249952080005556	0.279353357872074	65	0.28151888777806
CCK490	1099877	1035019	1437389	0.16119	CBC	0.234809087866959	0.279931180772915	65	0.282101189926194
CCK50	1079353	1044637.1	1449830	0.08568	CBC	0.255531338156887	0.279476145479125	65	0.281642627227025
CCK51	968846	924373.1	1282721	0.12411	CBC	0.244694676394945	0.279365427088198	65	0.281531050553998
CCK52	1078287	1029181.8	1428148	0.12308	CBC	0.244975310682086	0.279359142049704	65	0.281524716794275
CCK54	1092040	1040277.8	1443774	0.12828	CBC	0.243621231577795	0.279473241656935	65	0.281639700894586
VRA03	1077103	1041194.8	1445760	0.08876	CBC	0.254991838202745	0.279828740593183	65	0.281997955636541
VRA04	1069812	1041280.2	1445435	0.0706	CBC	0.259868482498348	0.279607730544784	65	0.281775232331953
VRA05	1066151	1030948.6	1431171	0.08796	CBC	0.25504988572295	0.279646806705837	65	0.281814611408983
VRA06	1059868	1019075.7	1414878	0.10306	CBC	0.250912092774077	0.279743059118878	65	0.281911609964761
VRA07	1044299	1000669.8	1389369	0.11224	CBC	0.248364545343965	0.279766714242221	65	0.281935448461153
VRA08	1067082	1072095.6	1487680	-0.01206	CBC	0.282720746397075	0.279350666810067	65	0.281516175855106
VRA09	1071623	1081927.4	1501064	-0.02458	CBC	0.286091066070467	0.279226335452719	65	0.281390880688786
VRA10	1080767	1042852.4	1447552	0.09369	CBC	0.253382952736758	0.279575172429039	65	0.281742421827714
VRA11	1074689	1064324.1	1477091	0.02511	CBC	0.2724287129229	0.279445816134551	65	0.281612062771253
VRA12	936837	884428.6	1228019	0.15253	CBC	0.237115223787254	0.279792413635294	65	0.281961347074327
VRA13	1053572	1003674.7	1393183	0.1281	CBC	0.243766253248855	0.279581576863915	65	0.281748875909372
VRA15	1085313	1024407.2	1421929	0.15321	CBC	0.236731932466389	0.279565154097005	65	0.281732325834191
VRA16	1075266	1048587.2	1455435	0.06557	CBC	0.261206443434437	0.279536908209573	65	0.281703860986391
VRA172	1069573	1071494.7	1487379	-0.00462	CBC	0.280900832941705	0.279608828684552	65	0.281776338984432
VRA174	1099611	1069551.6	1484768	0.07239	CBC	0.259405509817022	0.279650692902864	65	0.281818527731569
VRA17	1064888	1057269.6	1467708	0.01856	CBC	0.274455136852835	0.279645815107637	65	0.281813612123975
VRA18	1030936	997828.4	1385557	0.08539	CBC	0.255941112491222	0.279835907147811	65	0.282005177745856
VRA19	1070995	1041587.4	1446051	0.07271	CBC	0.25936567935709	0.27970216818079	65	0.281870402042657
VRA20	1071013	1012393	1405980	0.14894	CBC	0.238244498499267	0.279937836953584	65	0.282107897705162
VRA212	1058560	1080920.5	1499859	-0.05337	CBC	0.294226990670456	0.279318589280726	65	0.281483849662747
VRA21	1070267	1084212.9	1504009	-0.03322	CBC	0.288390561492651	0.279118077085975	65	0.281281783109897
VRA23	1050297	1082717.4	1502062	-0.07731	CBC	0.300763217497014	0.279179288205147	65	0.281343468733869
VRA24	1086950	1072247.6	1488409	0.03533	CBC	0.269723577323169	0.279601507381372	65	0.281768960926964
VRA25	1064707	1081596.2	1500618	-0.04031	CBC	0.290487652420536	0.279232822743696	65	0.281397418268841
VRA70	1098788	1062949.1	1475644	0.08684	CBC	0.255384089929549	0.279671045319874	65	0.281839037919253
MALB143	1039414	1028511.5	1454196	0.02561	SBC	0.285231151784216	0.292728421753326	34	0.297097502675018
MALB379	1053096	1020981.2	1443453	0.07602	SBC	0.270432774742233	0.292681368911908	34	0.297049747552384
MALB382	1050004	1033422.5	1460668	0.03881	SBC	0.281148077454973	0.29250007530801	34	0.296865748073801
MALB398	1030645	1043324.9	1474245	-0.02943	SBC	0.300899782600585	0.29229883771015	34	0.296661506929704
MALB452	1091442	1029607.2	1455400	0.14522	SBC	0.250074206403738	0.292560670606019	34	0.296927247779243
MALB455	1054479	1020144.2	1442256	0.08134	SBC	0.268868356241888	0.292674670793535	34	0.297042949462095
MALB494	1061817	1021765.6	1444552	0.09473	SBC	0.264950655981924	0.292676483781823	34	0.29704478950991
MALB496	1053229	1019175.1	1440809	0.08077	SBC	0.269001651155705	0.292636914400174	34	0.297004629540475
MALB497	1029390	1047039	1479098	-0.04085	SBC	0.304042058065118	0.292109785828931	34	0.296469633378616
MALB498	1056831	1034538	1462047	0.05215	SBC	0.277156616716152	0.292404416547484	34	0.296768661570581
MALB499	1072633	1031998.4	1458455	0.09528	SBC	0.264541586816186	0.292402988093565	34	0.296767211796454
MALB500	1054971	1022118.9	1444841	0.07772	SBC	0.269835919661748	0.292573438876665	34	0.296940206621093
MALB82	1048428	1027695.3	1452798	0.04877	SBC	0.27833876423288	0.292609640156443	34	0.296976948218479
MALB83	1050933	1036094.1	1464317	0.03465	SBC	0.282304992703083	0.292438659115478	34	0.29680341522168
MICO227	1042538	983925.7	1391900	0.14367	SBC	0.250996479632157	0.293106042100726	34	0.297480759147005
MICO236	994625	941334.1	1331770	0.13649	SBC	0.253155574911584	0.29317066760777	34	0.297546349213856
MICO237	1032947	985302	1393463	0.11673	SBC	0.258719463667137	0.292911257780077	34	0.29728306759769
MICO239	1017940	1047220.5	1479352	-0.06776	SBC	0.31190142711133	0.292108639458357	34	0.296468469898034
MICO240	1037094	1037439	1466330	-8e-04	SBC	0.292728103496484	0.292492822216009	34	0.296858386726695
MICO241	1029828	1039119.8	1468706	-0.02163	SBC	0.298819505060918	0.292492983619594	34	0.29685855053929
MICO242	1039006	1010219.4	1428903	0.06875	SBC	0.272864568133736	0.293010512260104	34	0.297383803487867
MICO243	1051357	1020622.8	1443271	0.07272	SBC	0.271545676453002	0.292840499116244	34	0.297211252834396
VALK386	1037905	1025593.2	1450099	0.029	SBC	0.284252316565972	0.292742633433993	34	0.297111926470321
VALK387	1039745	1033178.5	1460591	0.01536	SBC	0.288134049846946	0.2926298327184	34	0.296997442161958
VALK389	1053070	1029838.7	1455834	0.05453	SBC	0.276655168102957	0.292612550606731	34	0.296979902108324
VALK390	1024747	1046497.9	1478413	-0.05036	SBC	0.306860126365231	0.292147796319432	34	0.296508211189871
VALK391	1062416	1021103.4	1443640	0.09777	SBC	0.264071375135075	0.292688343354299	34	0.29705682609093
VALK392	1052159	1044782.1	1476219	0.0171	SBC	0.287260900990978	0.292258059271693	34	0.296620119857838
VALK393	1071725	1010002.9	1428430	0.14751	SBC	0.249718222103988	0.292927969869017	34	0.297300029120793
VALK394	1021291	1049067	1481730	-0.0642	SBC	0.310744197660842	0.291998542244538	34	0.296356729442218
VALK501	1050996	988542.6	1397840	0.15259	SBC	0.248128541177817	0.292807045155383	34	0.297177299560687
VALK502	1048309	1042123.5	1472527	0.01437	SBC	0.288088435729871	0.292289037824094	34	0.296651560776693
VALK503	1066049	1016164.5	1436275	0.11874	SBC	0.257768185062053	0.292500043515344	34	0.296865715806617
VALK504	1054760	1018779.4	1440125	0.08539	SBC	0.267591354917108	0.292575713913723	34	0.296942515613928
ALD01	930209	951559.4	1388936	-0.04881	Archbold	0.330272237165715	0.314900470576038	23	0.321898258811061
ALD02	932630	951690.3	1389108	-0.04357	Archbold	0.328612318120693	0.314891066785304	23	0.3218886460472
ALD03	942603	901353.1	1316044	0.09947	Archbold	0.283760269413485	0.315104130257043	23	0.322106444262755
ALD04	952890	951650.4	1389063	0.00283	Archbold	0.314005196308591	0.314897596437311	23	0.321895320802584
ALD05	933555	951384.1	1388698	-0.04077	Archbold	0.327748005685901	0.314909289132698	23	0.321907273335647
ALD06	935244	951473.4	1388828	-0.03711	Archbold	0.326594797915941	0.314909117615716	23	0.321907098007177
ALD07	925870	891408.8	1301679	0.084	Archbold	0.288710964838489	0.315185387488006	23	0.322189507209961
ALD08	935944	898446.2	1311631	0.09075	Archbold	0.286427356474496	0.315016037284877	23	0.322016393668985
ALD10	950229	916221.5	1337869	0.08065	Archbold	0.289744362116171	0.31516351750433	23	0.322167151226648
ALD11	930245	948993.8	1385436	-0.04296	Archbold	0.32855433235458	0.31502155278194	23	0.32202203173265
ALD12	945370	949929.6	1386713	-0.01044	Archbold	0.318265567568776	0.314977504357427	23	0.321977004454258
ALD13	935185	949422.1	1385981	-0.03261	Archbold	0.3252540979999	0.314981879260971	23	0.321981476577882
ALD14	963337	948939.6	1385322	0.03299	Archbold	0.304611491046847	0.315004309467402	23	0.322004405233344
ALD15	943025	947430.6	1383226	-0.01011	Archbold	0.318242282895203	0.315057264684151	23	0.322058537232688
ALD16	948483	947476.1	1383336	0.00231	Archbold	0.314350960287305	0.315078838402239	23	0.322080590366733
ALD17	939642	896839.1	1309291	0.10378	Archbold	0.282327610897807	0.315019273790166	23	0.322019702096614
ALD19	936530	951501.6	1388872	-0.03423	Archbold	0.325690200392837	0.31491051731189	23	0.32190852880771
ALD20	935368	950787.4	1387923	-0.03527	Archbold	0.326066359589113	0.31495666546343	23	0.321955702473728
ALD21	934729	951596.3	1388986	-0.03856	Archbold	0.327042173211249	0.314898566292245	23	0.32189631220985
ALD22	899785	855293.1	1248741	0.11308	Archbold	0.279446258271331	0.315075664208991	23	0.322077345635858
ALD24	966629	929111.8	1356668	0.08775	Archbold	0.287497751844961	0.315151680440609	23	0.322155051117067
ALD26	935530	950399.2	1387382	-0.03403	Archbold	0.325686797147433	0.314969345140704	23	0.321968663921608
ALD29	902002	854831.8	1247935	0.11999	Archbold	0.277204341572277	0.315002944864917	23	0.322003010306359
OC07	711293	1026864.3	1509879	-0.65334	Ocala	0.52890728329886	0.319902919373009	19	0.328548944220929
OC11	917745	1024812.1	1507106	-0.222	Ocala	0.391054776505435	0.320013257196242	19	0.328662264147492
OC14	1042370	1019913.7	1500223	0.04675	Ocala	0.305189961759018	0.320158603087674	19	0.32881153830626
OC20	1048213	1016659.9	1495469	0.0659	Ocala	0.299074069739995	0.3201732031891	19	0.328826533005021
OC22	1043342	1018034.5	1497533	0.05278	Ocala	0.303292815584031	0.320192276230307	19	0.328846121533829
OC26	1016940	1024824.5	1507168	-0.01635	Ocala	0.325264336822438	0.320033002293042	19	0.328682542895557
OC28	1027512	1025228.8	1507698	0.00473	Ocala	0.318489511825312	0.320003873454763	19	0.328652626791379
OC32	1027490	1025704.6	1508347	0.0037	Ocala	0.31879733244406	0.319981012326739	19	0.328629147795029
OC34	1048481	1015109.8	1493396	0.06977	Ocala	0.297921649716485	0.320267497703221	19	0.328923376019525
OC35	1039519	1022471.5	1503815	0.03542	Ocala	0.308745424137942	0.320081592483118	19	0.328732446334013
OC36	1030393	1023509.5	1505366	0.01429	Ocala	0.315519946644205	0.320092588779074	19	0.328743739827157
OC37	1043035	1020326.3	1500801	0.04726	Ocala	0.305014455614035	0.320145508964879	19	0.328798090288254
OC38	1046951	1012252.4	1489369	0.07273	Ocala	0.297050630166198	0.320348147436935	19	0.329006205475771
OC39	1045231	992028.7	1459638	0.11378	Ocala	0.283910805281858	0.320359774135779	19	0.329018146409719
OC40	1051610	1012459.7	1489396	0.08209	Ocala	0.293935259662306	0.320221284332709	19	0.328875913638999
OC41	1044200	1021495.8	1502437	0.04721	Ocala	0.304995816796312	0.320107398846008	19	0.32875895016617
OC42	1031622	1024539.2	1506745	0.01469	Ocala	0.315330729486409	0.320031458541425	19	0.328680957420923
OC43	1034578	1022953.3	1504531	0.02414	Ocala	0.312358469184085	0.320084930121081	19	0.328735874178407
OC44	1018587	1026583.5	1509535	-0.01656	Ocala	0.325231279831206	0.31993395317101	19	0.328580816770226
